Test loss: 0.07077915966510773
Test accuracy: 0.9879

Found 9879 correct labels
Found 121 incorrect labels

              precision    recall  f1-score   support

           0       0.99      0.99      0.99       980
           1       0.99      0.99      0.99      1135
           2       0.98      0.99      0.99      1032
           3       0.99      0.99      0.99      1010
           4       0.99      0.99      0.99       982
           5       0.99      0.99      0.99       892
           6       0.99      0.99      0.99       958
           7       0.99      0.99      0.99      1028
           8       0.98      0.99      0.99       974
           9       0.99      0.97      0.98      1009

    accuracy                           0.99     10000
   macro avg       0.99      0.99      0.99     10000
weighted avg       0.99      0.99      0.99     10000

[[ 975    0    2    0    0    0    1    0    1    1]
 [   0 1127    3    0    0    0    2    1    2    0]
 [   1    0 1021    0    1    0    1    4    4    0]
 [   0    0    1 1001    0    4    0    0    4    0]
 [   0    1    0    0  970    0    5    1    1    4]
 [   2    0    0    5    0  879    2    0    2    2]
 [   4    2    0    0    0    2  947    0    3    0]
 [   0    1    8    1    1    0    0 1013    1    3]
 [   3    0    2    1    0    0    0    0  964    4]
 [   1    3    0    4    8    3    0    8    0  982]]