Test loss: 0.05863530933856964
Test accuracy: 0.988

Found 9880 correct labels
Found 120 incorrect labels

              precision    recall  f1-score   support

           0       0.99      0.99      0.99       980
           1       0.99      0.99      0.99      1135
           2       0.99      0.99      0.99      1032
           3       0.99      0.99      0.99      1010
           4       0.99      0.98      0.99       982
           5       0.99      0.99      0.99       892
           6       0.99      0.99      0.99       958
           7       0.99      0.99      0.99      1028
           8       0.98      0.99      0.98       974
           9       0.98      0.98      0.98      1009

    accuracy                           0.99     10000
   macro avg       0.99      0.99      0.99     10000
weighted avg       0.99      0.99      0.99     10000

[[ 974    0    0    0    0    0    2    1    3    0]
 [   0 1127    1    1    1    0    2    1    2    0]
 [   0    0 1019    0    2    0    1    5    5    0]
 [   0    0    3  998    0    6    0    1    2    0]
 [   0    1    0    0  967    0    4    1    1    8]
 [   2    0    0    6    1  880    2    0    0    1]
 [   3    2    0    0    0    1  949    0    3    0]
 [   1    2    3    1    1    0    0 1015    0    5]
 [   4    0    2    2    0    1    1    0  961    3]
 [   0    1    0    3    8    2    0    3    2  990]]