Test loss:  0.04175905883312225
Test accuracy:  0.9905
Found 9905 correct labels
Found 95 incorrect labels
              precision    recall  f1-score   support

           0       0.99      1.00      0.99       980
           1       0.99      1.00      1.00      1135
           2       0.99      0.99      0.99      1032
           3       0.99      0.99      0.99      1010
           4       0.99      0.99      0.99       982
           5       0.99      0.99      0.99       892
           6       0.99      0.99      0.99       958
           7       0.99      0.99      0.99      1028
           8       0.99      0.99      0.99       974
           9       0.98      0.99      0.99      1009

    accuracy                           0.99     10000
   macro avg       0.99      0.99      0.99     10000
weighted avg       0.99      0.99      0.99     10000

[[ 977    0    0    0    0    0    1    1    1    0]
 [   0 1130    1    0    0    1    1    1    1    0]
 [   1    0 1025    0    0    0    0    5    1    0]
 [   1    0    1 1003    0    4    0    0    1    0]
 [   0    0    0    0  971    0    5    0    0    6]
 [   2    0    0    7    0  879    1    1    0    2]
 [   4    2    0    1    1    2  946    0    2    0]
 [   0    1    3    0    1    1    0 1017    1    4]
 [   4    0    1    1    1    0    0    1  962    4]
 [   1    3    0    1    5    0    0    3    1  995]]