Test loss: 0.04933193325996399
Test accuracy: 0.9895

Found 9895 correct labels
Found 105 incorrect labels

              precision    recall  f1-score   support

           0       0.98      0.99      0.99       980
           1       0.99      1.00      1.00      1135
           2       0.99      0.99      0.99      1032
           3       0.99      0.99      0.99      1010
           4       0.99      0.99      0.99       982
           5       0.99      0.99      0.99       892
           6       0.99      0.99      0.99       958
           7       0.99      0.99      0.99      1028
           8       0.99      0.98      0.99       974
           9       0.99      0.99      0.99      1009

    accuracy                           0.99     10000
   macro avg       0.99      0.99      0.99     10000
weighted avg       0.99      0.99      0.99     10000

[[ 975    0    2    0    0    0    1    1    1    0]
 [   1 1131    1    0    0    0    1    0    1    0]
 [   2    0 1020    0    2    0    2    3    3    0]
 [   0    0    2 1000    0    3    0    1    2    2]
 [   1    0    0    0  968    0    3    0    1    9]
 [   2    0    0    5    0  882    2    0    1    0]
 [   4    2    0    0    0    2  948    0    2    0]
 [   0    2    4    1    1    0    0 1018    1    1]
 [   4    1    2    2    0    2    2    0  958    3]
 [   1    1    0    2    7    2    0    1    0  995]]