Test loss: 0.10055692493915558
Test accuracy: 0.9843

Found 9843 correct labels
Found 157 incorrect labels

              precision    recall  f1-score   support

           0       0.99      0.99      0.99       980
           1       1.00      1.00      1.00      1135
           2       0.99      0.99      0.99      1032
           3       0.98      0.99      0.98      1010
           4       0.99      0.96      0.98       982
           5       0.98      0.99      0.98       892
           6       0.99      0.99      0.99       958
           7       0.97      0.99      0.98      1028
           8       0.99      0.98      0.98       974
           9       0.97      0.98      0.97      1009

    accuracy                           0.98     10000
   macro avg       0.98      0.98      0.98     10000
weighted avg       0.98      0.98      0.98     10000

[[ 968    0    1    0    0    0    2    4    5    0]
 [   0 1130    1    0    0    1    0    3    0    0]
 [   2    0 1019    3    0    0    0    4    4    0]
 [   0    0    1  997    0   10    0    0    1    1]
 [   1    0    0    0  940    0    6   15    0   20]
 [   2    0    0    6    0  880    1    0    1    2]
 [   4    3    0    0    1    4  945    0    1    0]
 [   0    0    4    2    0    0    0 1019    0    3]
 [   2    1    2    4    0    2    1    1  955    6]
 [   0    0    0    4    4    2    0    8    1  990]]