Test loss:  0.04633807763457298
Test accuracy:  0.9909
Found 9909 correct labels
Found 91 incorrect labels
              precision    recall  f1-score   support

           0       0.99      1.00      0.99       980
           1       0.99      1.00      0.99      1135
           2       0.99      0.99      0.99      1032
           3       0.99      0.99      0.99      1010
           4       0.99      0.99      0.99       982
           5       0.99      0.99      0.99       892
           6       0.99      0.99      0.99       958
           7       0.99      0.99      0.99      1028
           8       0.99      0.99      0.99       974
           9       0.98      0.98      0.98      1009

    accuracy                           0.99     10000
   macro avg       0.99      0.99      0.99     10000
weighted avg       0.99      0.99      0.99     10000

[[ 978    0    0    0    0    0    1    1    0    0]
 [   0 1130    2    0    1    0    1    1    0    0]
 [   2    1 1024    0    0    0    1    3    1    0]
 [   0    0    1 1001    0    6    0    1    1    0]
 [   0    0    0    0  971    0    3    0    0    8]
 [   2    0    0    5    0  881    1    0    1    2]
 [   2    3    0    0    0    1  952    0    0    0]
 [   0    2    4    0    2    1    0 1016    0    3]
 [   1    0    2    1    1    0    0    1  965    3]
 [   2    2    0    1    4    4    0    3    2  991]]