Test loss: 0.07166711241006851
Test accuracy: 0.9866

Found 9866 correct labels
Found 134 incorrect labels

              precision    recall  f1-score   support

           0       0.99      0.99      0.99       980
           1       0.99      0.99      0.99      1135
           2       0.99      0.98      0.99      1032
           3       0.99      0.99      0.99      1010
           4       0.99      0.99      0.99       982
           5       0.98      0.98      0.98       892
           6       0.99      0.99      0.99       958
           7       0.99      0.99      0.99      1028
           8       0.97      0.98      0.98       974
           9       0.98      0.98      0.98      1009

    accuracy                           0.99     10000
   macro avg       0.99      0.99      0.99     10000
weighted avg       0.99      0.99      0.99     10000

[[ 971    0    1    0    0    0    2    1    5    0]
 [   0 1129    1    0    0    1    2    1    1    0]
 [   1    2 1016    1    0    0    1    5    5    1]
 [   0    0    1 1000    0    4    0    2    3    0]
 [   0    0    0    0  968    0    4    0    2    8]
 [   2    0    0    6    0  874    5    0    5    0]
 [   1    1    0    0    1    5  949    0    1    0]
 [   1    1    2    0    2    1    0 1015    1    5]
 [   5    0    2    1    0    3    0    1  959    3]
 [   3    2    0    4    6    3    0    3    3  985]]