Test loss:  0.03949454426765442
Test accuracy:  0.9915
Found 9915 correct labels
Found 85 incorrect labels
              precision    recall  f1-score   support

           0       0.99      1.00      0.99       980
           1       0.99      1.00      1.00      1135
           2       0.99      1.00      0.99      1032
           3       0.99      1.00      0.99      1010
           4       0.99      0.99      0.99       982
           5       0.99      0.99      0.99       892
           6       0.99      0.99      0.99       958
           7       0.99      0.99      0.99      1028
           8       0.99      0.99      0.99       974
           9       0.99      0.98      0.99      1009

    accuracy                           0.99     10000
   macro avg       0.99      0.99      0.99     10000
weighted avg       0.99      0.99      0.99     10000

[[ 977    0    0    0    0    0    2    1    0    0]
 [   0 1133    1    0    0    0    0    0    1    0]
 [   0    0 1027    0    0    0    0    4    1    0]
 [   0    0    0 1006    0    3    0    0    1    0]
 [   0    0    0    0  971    0    4    0    0    7]
 [   2    0    0    4    0  881    4    0    0    1]
 [   5    2    0    0    0    1  949    0    1    0]
 [   0    3    6    1    0    0    0 1015    1    2]
 [   5    0    2    0    0    0    0    0  965    2]
 [   1    2    1    2    8    3    0    1    0  991]]
