Test loss:  0.07978745549917221
Test accuracy:  0.9884
Found 9884 correct labels
Found 116 incorrect labels
              precision    recall  f1-score   support

           0       0.99      1.00      0.99       980
           1       0.99      0.99      0.99      1135
           2       0.98      0.99      0.99      1032
           3       1.00      0.99      0.99      1010
           4       0.99      0.98      0.99       982
           5       0.99      0.99      0.99       892
           6       0.99      0.99      0.99       958
           7       1.00      0.97      0.98      1028
           8       0.99      0.99      0.99       974
           9       0.97      0.99      0.98      1009

    accuracy                           0.99     10000
   macro avg       0.99      0.99      0.99     10000
weighted avg       0.99      0.99      0.99     10000

[[ 977    0    1    0    0    0    1    0    0    1]
 [   0 1128    3    1    1    0    2    0    0    0]
 [   1    0 1026    0    0    0    1    1    3    0]
 [   1    0    2  995    0    5    0    1    5    1]
 [   0    0    0    0  965    0    5    0    0   12]
 [   2    0    0    3    0  881    3    0    0    3]
 [   2    3    1    0    0    2  949    0    1    0]
 [   1    2   12    0    3    0    0  998    0   12]
 [   3    0    1    0    0    0    0    0  967    3]
 [   0    1    0    0    6    2    0    1    1  998]]