Test loss: 0.053882185369729996
Test accuracy: 0.9914

Found 9914 correct labels
Found 86 incorrect labels

              precision    recall  f1-score   support

           0       0.99      1.00      0.99       980
           1       1.00      0.99      1.00      1135
           2       0.99      0.99      0.99      1032
           3       1.00      0.99      0.99      1010
           4       0.99      0.99      0.99       982
           5       0.99      0.99      0.99       892
           6       0.99      0.99      0.99       958
           7       0.99      0.99      0.99      1028
           8       0.99      0.99      0.99       974
           9       0.99      0.98      0.98      1009

    accuracy                           0.99     10000
   macro avg       0.99      0.99      0.99     10000
weighted avg       0.99      0.99      0.99     10000

[[ 976    0    0    0    0    0    1    1    2    0]
 [   0 1129    1    1    1    1    2    0    0    0]
 [   0    1 1025    0    0    0    1    3    1    1]
 [   0    0    2 1001    0    5    0    0    2    0]
 [   0    0    0    0  969    0    5    2    1    5]
 [   2    0    0    2    0  884    1    0    0    3]
 [   3    2    0    0    0    2  951    0    0    0]
 [   0    1    2    0    0    0    0 1022    1    2]
 [   3    0    1    1    0    0    0    1  964    4]
 [   2    1    0    1    7    1    0    4    0  993]]