Test loss: 0.06975825130939484
Test accuracy: 0.9879

Found 9879 correct labels
Found 121 incorrect labels

              precision    recall  f1-score   support

           0       0.99      0.99      0.99       980
           1       0.99      0.99      0.99      1135
           2       0.99      0.99      0.99      1032
           3       0.99      0.98      0.99      1010
           4       0.98      0.98      0.98       982
           5       0.98      0.98      0.98       892
           6       0.99      0.99      0.99       958
           7       0.99      0.99      0.99      1028
           8       0.99      0.99      0.99       974
           9       0.98      0.98      0.98      1009

    accuracy                           0.99     10000
   macro avg       0.99      0.99      0.99     10000
weighted avg       0.99      0.99      0.99     10000

[[ 974    0    0    0    0    0    3    1    2    0]
 [   1 1129    2    0    2    0    1    0    0    0]
 [   0    0 1022    1    0    0    0    5    4    0]
 [   1    0    2  993    0    8    0    2    2    2]
 [   0    0    0    0  966    0    6    0    1    9]
 [   2    0    0    6    1  876    3    1    0    3]
 [   1    2    0    0    0    1  953    0    1    0]
 [   0    2    3    1    0    0    0 1018    0    4]
 [   1    0    3    0    3    1    1    1  963    1]
 [   0    2    0    3   10    4    0    5    0  985]]