Test loss: 0.23786655068397522
Test accuracy: 0.9699

Found 9699 correct labels
Found 301 incorrect labels

              precision    recall  f1-score   support

           0       0.98      0.98      0.98       980
           1       0.99      0.99      0.99      1135
           2       0.99      0.97      0.98      1032
           3       0.95      0.98      0.96      1010
           4       0.97      0.96      0.96       982
           5       0.98      0.96      0.97       892
           6       0.98      0.98      0.98       958
           7       0.96      0.97      0.96      1028
           8       0.97      0.97      0.97       974
           9       0.94      0.95      0.95      1009

    accuracy                           0.97     10000
   macro avg       0.97      0.97      0.97     10000
weighted avg       0.97      0.97      0.97     10000

[[ 965    1    0    0    1    1    6    2    4    0]
 [   1 1121    3    2    1    2    2    1    2    0]
 [   6    2 1000    7    1    0    0    8    7    1]
 [   1    0    5  985    0    9    0    5    2    3]
 [   4    2    0    2  942    0    2    5    4   21]
 [   1    0    0   16    0  858    3    3    4    7]
 [   4    3    0    0    3    6  938    1    3    0]
 [   1    2    2    2    6    0    0  994    0   21]
 [   5    1    3    8    3    1    5    3  940    5]
 [   1    2    1   13   14    1    0   14    7  956]]