Test loss: 0.056472960859537125
Test accuracy: 0.9911

Found 9911 correct labels
Found 89 incorrect labels

              precision    recall  f1-score   support

           0       0.99      1.00      1.00       980
           1       1.00      1.00      1.00      1135
           2       0.99      0.99      0.99      1032
           3       0.99      0.99      0.99      1010
           4       0.99      0.99      0.99       982
           5       0.99      0.99      0.99       892
           6       0.99      0.99      0.99       958
           7       0.99      0.99      0.99      1028
           8       0.99      0.99      0.99       974
           9       0.99      0.99      0.99      1009

    accuracy                           0.99     10000
   macro avg       0.99      0.99      0.99     10000
weighted avg       0.99      0.99      0.99     10000

[[ 978    0    0    0    0    0    1    1    0    0]
 [   0 1132    1    0    0    1    0    0    1    0]
 [   1    0 1023    0    1    0    0    3    4    0]
 [   0    0    2 1000    0    4    0    1    3    0]
 [   0    0    0    0  968    0    5    0    1    8]
 [   1    0    0    7    0  881    2    0    0    1]
 [   2    2    0    0    0    1  951    0    2    0]
 [   0    1    5    1    0    0    0 1020    0    1]
 [   2    0    3    0    0    1    0    1  964    3]
 [   0    1    0    2    6    3    0    2    1  994]]