Test loss:  0.18363972008228302
Test accuracy:  0.9907
Found 9907 correct labels
Found 93 incorrect labels
              precision    recall  f1-score   support

           0       0.99      1.00      0.99       980
           1       0.99      1.00      0.99      1135
           2       0.99      0.99      0.99      1032
           3       1.00      0.98      0.99      1010
           4       0.98      0.99      0.99       982
           5       0.98      0.99      0.99       892
           6       0.99      0.99      0.99       958
           7       0.99      0.99      0.99      1028
           8       0.99      0.99      0.99       974
           9       0.99      0.98      0.99      1009

    accuracy                           0.99     10000
   macro avg       0.99      0.99      0.99     10000
weighted avg       0.99      0.99      0.99     10000

[[ 978    0    0    0    0    0    1    1    0    0]
 [   0 1132    1    0    1    0    1    0    0    0]
 [   3    2 1024    0    0    0    1    2    0    0]
 [   2    1    1  993    0   10    0    1    2    0]
 [   0    0    0    0  977    0    3    0    0    2]
 [   2    0    0    1    0  883    3    0    1    2]
 [   3    2    0    0    0    2  951    0    0    0]
 [   0    3    4    0    0    0    0 1018    1    2]
 [   3    1    0    1    2    0    1    1  964    1]
 [   0    1    0    0   15    4    0    1    1  987]]