Test loss: 0.05657937750220299
Test accuracy: 0.9899

Found 9899 correct labels
Found 101 incorrect labels

              precision    recall  f1-score   support

           0       0.99      1.00      0.99       980
           1       0.99      1.00      1.00      1135
           2       0.99      0.99      0.99      1032
           3       1.00      0.99      0.99      1010
           4       0.99      0.99      0.99       982
           5       0.99      0.99      0.99       892
           6       0.99      0.99      0.99       958
           7       0.99      0.99      0.99      1028
           8       0.99      0.99      0.99       974
           9       0.98      0.98      0.98      1009

    accuracy                           0.99     10000
   macro avg       0.99      0.99      0.99     10000
weighted avg       0.99      0.99      0.99     10000

[[ 976    0    1    0    0    0    1    1    1    0]
 [   0 1130    2    0    0    1    2    0    0    0]
 [   1    0 1021    0    1    0    2    4    3    0]
 [   0    0    0 1004    0    3    0    1    2    0]
 [   0    0    0    0  972    0    3    0    0    7]
 [   2    0    0    3    1  879    3    2    0    2]
 [   5    2    0    0    1    1  948    0    1    0]
 [   1    1    5    0    0    0    0 1016    1    4]
 [   4    0    1    0    0    2    0    1  963    3]
 [   1    3    0    2    6    1    1    5    0  990]]