Test loss: 0.07859430462121964
Test accuracy: 0.9873

Found 9873 correct labels
Found 127 incorrect labels

              precision    recall  f1-score   support

           0       0.99      0.99      0.99       980
           1       0.99      0.99      0.99      1135
           2       0.98      0.99      0.99      1032
           3       0.99      0.99      0.99      1010
           4       0.99      0.98      0.98       982
           5       0.99      0.99      0.99       892
           6       0.99      0.99      0.99       958
           7       0.99      0.99      0.99      1028
           8       0.98      0.99      0.98       974
           9       0.98      0.97      0.98      1009

    accuracy                           0.99     10000
   macro avg       0.99      0.99      0.99     10000
weighted avg       0.99      0.99      0.99     10000

[[ 971    0    3    0    0    0    3    1    2    0]
 [   1 1127    2    0    1    1    1    0    2    0]
 [   0    0 1020    0    0    0    1    5    6    0]
 [   0    1    3  997    0    4    0    1    3    1]
 [   0    0    1    0  965    0    4    1    1   10]
 [   2    0    0    3    1  881    2    0    2    1]
 [   1    2    0    1    0    1  952    0    1    0]
 [   0    2    6    0    2    0    0 1015    0    3]
 [   4    0    3    0    0    0    0    2  963    2]
 [   0    3    0    6    9    3    0    2    4  982]]