Test loss: 0.05750444158911705
Test accuracy: 0.9883

Found 9883 correct labels
Found 117 incorrect labels

              precision    recall  f1-score   support

           0       0.99      0.99      0.99       980
           1       0.99      1.00      0.99      1135
           2       0.99      0.99      0.99      1032
           3       0.99      0.99      0.99      1010
           4       0.99      0.99      0.99       982
           5       0.98      0.98      0.98       892
           6       0.99      0.99      0.99       958
           7       0.99      0.99      0.99      1028
           8       0.99      0.99      0.99       974
           9       0.99      0.98      0.98      1009

    accuracy                           0.99     10000
   macro avg       0.99      0.99      0.99     10000
weighted avg       0.99      0.99      0.99     10000

[[ 974    0    1    0    0    0    1    1    3    0]
 [   0 1130    1    2    0    1    1    0    0    0]
 [   2    1 1019    1    1    0    1    4    2    1]
 [   1    0    2  998    0    7    0    0    2    0]
 [   0    1    0    0  970    0    5    0    0    6]
 [   2    0    0    4    0  878    3    0    3    2]
 [   3    2    0    0    0    2  951    0    0    0]
 [   0    2    5    1    2    0    0 1014    1    3]
 [   6    0    2    2    0    1    0    2  960    1]
 [   0    3    0    2    8    3    0    4    0  989]]