
Test loss: 0.08041217923164368
Test accuracy: 0.9873

Found 9873 correct labels
Found 127 incorrect labels

              precision    recall  f1-score   support

           0       0.98      0.99      0.99       980
           1       0.99      0.99      0.99      1135
           2       0.99      0.99      0.99      1032
           3       0.99      0.99      0.99      1010
           4       0.99      0.98      0.98       982
           5       0.99      0.98      0.98       892
           6       0.99      0.99      0.99       958
           7       0.99      0.99      0.99      1028
           8       0.99      0.98      0.99       974
           9       0.98      0.98      0.98      1009

    accuracy                           0.99     10000
   macro avg       0.99      0.99      0.99     10000
weighted avg       0.99      0.99      0.99     10000

[[ 974    0    2    0    0    0    2    1    1    0]
 [   0 1125    4    0    0    0    1    2    3    0]
 [   2    0 1021    0    0    0    0    6    3    0]
 [   0    0    1 1002    0    5    0    0    1    1]
 [   0    1    1    0  960    0    5    2    1   12]
 [   2    0    0    7    0  878    3    0    1    1]
 [   3    2    1    1    0    2  948    0    1    0]
 [   0    1    1    1    2    0    0 1019    1    3]
 [   6    1    1    0    0    4    0    0  957    5]
 [   2    1    0    1   10    2    0    4    0  989]]