Test loss: 0.1258573681116104
Test accuracy: 0.9809

Found 9809 correct labels
Found 191 incorrect labels

              precision    recall  f1-score   support

           0       0.98      0.99      0.98       980
           1       0.99      0.99      0.99      1135
           2       0.99      0.98      0.98      1032
           3       0.98      0.98      0.98      1010
           4       0.99      0.98      0.98       982
           5       0.98      0.98      0.98       892
           6       0.99      0.99      0.99       958
           7       0.98      0.97      0.98      1028
           8       0.98      0.98      0.98       974
           9       0.96      0.97      0.97      1009

    accuracy                           0.98     10000
   macro avg       0.98      0.98      0.98     10000
weighted avg       0.98      0.98      0.98     10000

[[ 970    1    2    0    0    0    3    1    3    0]
 [   1 1126    2    2    1    1    1    0    1    0]
 [   3    1 1012    2    1    0    1    5    7    0]
 [   0    0    4  991    1    8    0    0    2    4]
 [   0    0    0    0  961    0    5    2    3   11]
 [   3    0    0   10    1  870    3    2    1    2]
 [   3    2    1    0    0    2  947    1    2    0]
 [   1    2    2    5    4    0    0  997    2   15]
 [   7    0    1    2    0    4    1    2  952    5]
 [   2    4    1    1    6    6    0    3    3  983]]