Test loss:  0.14060331881046295
Test accuracy:  0.9927
Found 9927 correct labels
Found 73 incorrect labels
              precision    recall  f1-score   support

           0       0.99      1.00      0.99       980
           1       1.00      1.00      1.00      1135
           2       1.00      0.99      0.99      1032
           3       0.99      1.00      0.99      1010
           4       0.99      0.99      0.99       982
           5       0.99      0.99      0.99       892
           6       0.99      0.99      0.99       958
           7       0.99      1.00      0.99      1028
           8       1.00      0.99      0.99       974
           9       0.99      0.99      0.99      1009

    accuracy                           0.99     10000
   macro avg       0.99      0.99      0.99     10000
weighted avg       0.99      0.99      0.99     10000

[[ 979    0    0    0    0    0    0    1    0    0]
 [   0 1133    0    1    0    0    1    0    0    0]
 [   1    0 1023    0    0    0    1    6    1    0]
 [   0    0    0 1005    0    4    0    0    1    0]
 [   0    0    0    0  974    0    4    0    0    4]
 [   2    0    0    7    0  879    1    1    1    1]
 [   5    2    0    0    3    1  947    0    0    0]
 [   0    1    2    0    2    0    0 1023    0    0]
 [   1    1    0    1    2    0    0    2  964    3]
 [   0    0    0    0    7    1    0    1    0 1000]]