Test loss: 0.11823225021362305
Test accuracy: 0.9867

Found 9867 correct labels
Found 133 incorrect labels

              precision    recall  f1-score   support

           0       0.99      0.99      0.99       980
           1       0.99      1.00      0.99      1135
           2       0.99      0.99      0.99      1032
           3       0.99      0.99      0.99      1010
           4       0.99      0.99      0.99       982
           5       0.99      0.98      0.99       892
           6       0.99      0.99      0.99       958
           7       0.99      0.98      0.98      1028
           8       0.98      0.98      0.98       974
           9       0.98      0.98      0.98      1009

    accuracy                           0.99     10000
   macro avg       0.99      0.99      0.99     10000
weighted avg       0.99      0.99      0.99     10000

[[ 971    0    3    0    0    0    3    1    2    0]
 [   0 1131    1    0    0    0    1    1    1    0]
 [   2    1 1025    1    0    0    0    2    0    1]
 [   0    1    3  996    0    5    0    0    3    2]
 [   0    0    0    0  968    0    5    2    2    5]
 [   2    0    0    4    0  878    1    2    3    2]
 [   2    2    0    0    0    3  949    0    2    0]
 [   0    4    4    1    5    0    0 1008    1    5]
 [   4    0    2    3    0    1    1    1  957    5]
 [   0    3    0    1    9    3    0    6    3  984]]