Test loss:  0.039609767496585846
Test accuracy:  0.9912
Found 9912 correct labels
Found 88 incorrect labels

              precision    recall  f1-score   support

           0       0.99      1.00      0.99       980
           1       0.99      0.99      0.99      1135
           2       0.99      0.99      0.99      1032
           3       0.99      0.99      0.99      1010
           4       0.99      0.99      0.99       982
           5       0.99      0.99      0.99       892
           6       0.99      0.99      0.99       958
           7       0.99      0.99      0.99      1028
           8       0.99      0.99      0.99       974
           9       0.99      0.99      0.99      1009

    accuracy                           0.99     10000
   macro avg       0.99      0.99      0.99     10000
weighted avg       0.99      0.99      0.99     10000

[[ 976    0    0    0    0    0    2    1    1    0]
 [   0 1128    3    0    1    0    1    1    1    0]
 [   1    0 1025    0    0    0    0    2    4    0]
 [   1    0    1  999    0    7    0    1    1    0]
 [   1    0    0    0  969    0    5    0    0    7]
 [   2    0    0    4    0  883    1    0    0    2]
 [   2    3    0    0    0    1  951    0    1    0]
 [   0    2    2    0    2    0    0 1019    1    2]
 [   3    0    1    3    0    0    0    0  965    2]
 [   0    1    1    2    4    2    1    1    0  997]]