Test loss: 0.059202227741479874
Test accuracy: 0.9908

Found 9908 correct labels
Found 92 incorrect labels

              precision    recall  f1-score   support

           0       0.99      0.99      0.99       980
           1       0.99      0.99      0.99      1135
           2       0.99      0.99      0.99      1032
           3       0.99      0.99      0.99      1010
           4       0.99      0.99      0.99       982
           5       0.99      0.99      0.99       892
           6       0.99      0.99      0.99       958
           7       1.00      0.99      0.99      1028
           8       0.99      0.99      0.99       974
           9       0.99      0.99      0.99      1009

    accuracy                           0.99     10000
   macro avg       0.99      0.99      0.99     10000
weighted avg       0.99      0.99      0.99     10000

[[ 975    0    1    0    0    0    2    1    1    0]
 [   0 1129    2    1    1    0    2    0    0    0]
 [   1    1 1025    0    1    0    1    2    1    0]
 [   0    0    4 1002    0    3    0    0    1    0]
 [   0    0    0    0  970    0    5    0    2    5]
 [   2    0    0    4    0  879    4    0    0    3]
 [   1    2    0    0    0    2  952    0    1    0]
 [   0    2    3    1    1    0    0 1018    0    3]
 [   1    0    1    2    0    1    0    1  964    4]
 [   1    1    0    2    8    1    0    1    1  994]]