Test loss: 0.07040426880121231
Test accuracy: 0.9881

Found 9881 correct labels
Found 119 incorrect labels

              precision    recall  f1-score   support

           0       0.99      1.00      0.99       980
           1       0.99      1.00      0.99      1135
           2       0.99      0.99      0.99      1032
           3       0.99      0.99      0.99      1010
           4       0.99      0.99      0.99       982
           5       0.98      0.98      0.98       892
           6       0.99      0.99      0.99       958
           7       0.99      0.99      0.99      1028
           8       0.99      0.98      0.99       974
           9       0.99      0.97      0.98      1009

    accuracy                           0.99     10000
   macro avg       0.99      0.99      0.99     10000
weighted avg       0.99      0.99      0.99     10000

[[ 976    0    0    0    0    0    2    1    1    0]
 [   0 1130    1    1    0    0    2    0    1    0]
 [   1    0 1024    0    1    0    0    3    3    0]
 [   0    0    2  999    0    6    0    1    2    0]
 [   0    0    0    0  969    0    5    1    1    6]
 [   1    0    0    6    0  878    3    1    1    2]
 [   2    2    0    0    0    2  952    0    0    0]
 [   0    1    7    0    2    0    0 1013    2    3]
 [   4    0    2    2    1    3    0    1  958    3]
 [   1    4    0    5   10    3    0    3    1  982]]