Test loss:  0.04227827861905098
Test accuracy:  0.9907
Found 9907 correct labels
Found 93 incorrect labels
              precision    recall  f1-score   support

           0       0.99      1.00      0.99       980
           1       1.00      0.99      1.00      1135
           2       0.99      1.00      0.99      1032
           3       0.99      0.99      0.99      1010
           4       0.99      0.99      0.99       982
           5       0.99      0.99      0.99       892
           6       0.99      0.99      0.99       958
           7       0.99      0.99      0.99      1028
           8       0.99      0.99      0.99       974
           9       0.99      0.99      0.99      1009

    accuracy                           0.99     10000
   macro avg       0.99      0.99      0.99     10000
weighted avg       0.99      0.99      0.99     10000

[[ 977    0    0    0    0    0    1    1    1    0]
 [   0 1129    1    1    1    0    2    0    1    0]
 [   2    0 1027    0    0    0    1    2    0    0]
 [   0    0    0 1003    0    5    0    0    1    1]
 [   0    0    0    0  972    0    4    0    0    6]
 [   2    0    0    5    0  882    2    0    0    1]
 [   3    2    0    1    1    1  948    0    2    0]
 [   1    1    6    1    2    0    0 1013    1    3]
 [   4    1    2    0    1    2    0    1  962    1]
 [   1    0    1    1    5    4    0    2    1  994]]