Test loss: 0.07327189296483994
Test accuracy: 0.9878

Found 9878 correct labels
Found 122 incorrect labels

              precision    recall  f1-score   support

           0       0.99      1.00      0.99       980
           1       1.00      0.99      0.99      1135
           2       0.99      0.99      0.99      1032
           3       0.99      0.99      0.99      1010
           4       0.99      0.98      0.99       982
           5       0.98      0.99      0.98       892
           6       0.99      0.99      0.99       958
           7       0.99      0.98      0.99      1028
           8       0.98      0.99      0.99       974
           9       0.98      0.98      0.98      1009

    accuracy                           0.99     10000
   macro avg       0.99      0.99      0.99     10000
weighted avg       0.99      0.99      0.99     10000

[[ 977    0    1    0    0    0    1    0    0    1]
 [   0 1128    2    1    1    1    1    0    1    0]
 [   1    0 1020    1    0    1    1    3    5    0]
 [   0    0    2 1000    0    4    0    0    4    0]
 [   1    1    0    0  966    0    5    1    1    7]
 [   2    0    0    6    0  880    2    0    1    1]
 [   3    2    0    0    0    3  948    0    2    0]
 [   0    1    6    0    3    0    0 1012    1    5]
 [   3    0    1    2    0    2    2    0  962    2]
 [   2    1    0    3    9    5    0    4    0  985]]