Test loss:  0.04369267821311951
Test accuracy:  0.9904
Found 9904 correct labels
Found 96 incorrect labels
              precision    recall  f1-score   support

           0       0.99      0.99      0.99       980
           1       0.99      1.00      1.00      1135
           2       0.99      0.99      0.99      1032
           3       1.00      0.99      0.99      1010
           4       0.99      0.99      0.99       982
           5       0.99      0.99      0.99       892
           6       0.99      0.99      0.99       958
           7       0.99      0.99      0.99      1028
           8       0.99      0.99      0.99       974
           9       0.99      0.98      0.99      1009

    accuracy                           0.99     10000
   macro avg       0.99      0.99      0.99     10000
weighted avg       0.99      0.99      0.99     10000

[[ 975    0    0    0    0    0    3    0    1    1]
 [   0 1130    2    0    0    0    1    1    1    0]
 [   0    0 1023    0    1    0    1    4    3    0]
 [   0    0    2  997    0    7    0    1    3    0]
 [   0    0    0    0  971    0    4    0    1    6]
 [   2    0    0    4    0  883    1    0    1    1]
 [   4    2    0    0    1    2  949    0    0    0]
 [   1    1    4    0    0    0    0 1018    2    2]
 [   3    0    2    0    0    0    0    1  966    2]
 [   1    3    0    0    6    4    0    1    2  992]]