
Test loss: 0.17174099385738373
Test accuracy: 0.9729

Found 9729 correct labels
Found 271 incorrect labels

              precision    recall  f1-score   support

           0       0.98      0.99      0.98       980
           1       0.99      0.99      0.99      1135
           2       0.98      0.98      0.98      1032
           3       0.96      0.97      0.97      1010
           4       0.97      0.97      0.97       982
           5       0.97      0.98      0.97       892
           6       0.98      0.98      0.98       958
           7       0.97      0.97      0.97      1028
           8       0.97      0.96      0.97       974
           9       0.94      0.96      0.95      1009

    accuracy                           0.97     10000
   macro avg       0.97      0.97      0.97     10000
weighted avg       0.97      0.97      0.97     10000

[[ 966    0    1    1    0    1    4    1    6    0]
 [   0 1120    4    1    3    0    2    2    3    0]
 [   2    0 1009    3    1    0    1    9    6    1]
 [   2    1    5  979    0   12    1    0    3    7]
 [   3    1    0    1  948    1    5    2    1   20]
 [   0    0    0   11    3  871    1    0    1    5]
 [   7    1    1    0    3    5  939    0    2    0]
 [   2    4    3    1    4    0    0  996    1   17]
 [   5    1    4   10    1    3    2    4  936    8]
 [   2    1    3    8   15    3    0    8    4  965]]