
Test loss: 0.11319877952337265
Test accuracy: 0.9803

Found 9803 correct labels
Found 197 incorrect labels

              precision    recall  f1-score   support

           0       0.98      0.99      0.99       980
           1       0.99      0.99      0.99      1135
           2       0.98      0.98      0.98      1032
           3       0.98      0.98      0.98      1010
           4       0.98      0.98      0.98       982
           5       0.98      0.98      0.98       892
           6       0.99      0.99      0.99       958
           7       0.98      0.97      0.97      1028
           8       0.98      0.98      0.98       974
           9       0.97      0.97      0.97      1009

    accuracy                           0.98     10000
   macro avg       0.98      0.98      0.98     10000
weighted avg       0.98      0.98      0.98     10000

[[ 970    1    1    1    1    1    2    1    2    0]
 [   0 1125    3    1    1    0    2    2    1    0]
 [   2    1 1013    1    1    0    2    4    7    1]
 [   1    0    4  992    0    5    0    1    5    2]
 [   2    1    1    0  958    1    5    3    1   10]
 [   2    0    0    9    0  875    1    0    2    3]
 [   6    3    0    0    1    2  946    0    0    0]
 [   2    5    6    4    5    0    0  994    1   11]
 [   2    0    5    5    0    2    1    1  954    4]
 [   1    3    0    4   10    4    0    6    5  976]]